%YAML:1.0
---
camera_matrix: !!opencv-matrix
   rows: 3
   cols: 3
   dt: d
   data: [ 1.2111629805939333e+03, 0., 6.0110914872974342e+02, 0.,
       1.2108647352589435e+03, 7.8637764148302438e+02, 0., 0., 1. ]
distortion_coefficients: !!opencv-matrix
   rows: 1
   cols: 5
   dt: d
   data: [ 2.5121911250256762e-01, -1.4319366882344284e+00,
       -2.0385254765010142e-03, -1.4286557754231443e-03,
       2.8252351413569734e+00 ]
