%YAML:1.0
---
camera_matrix: !!opencv-matrix
   rows: 3
   cols: 3
   dt: d
   data: [ 2.1427910660139064e+03, 0., 6.2184126730778405e+02, 0.,
       2.1345692626646742e+03, 4.4261284403606919e+02, 0., 0., 1. ]
distortion_coefficients: !!opencv-matrix
   rows: 1
   cols: 5
   dt: d
   data: [ -2.7130631200036714e-01, -5.9037640743736306e+00,
       4.9128006931196989e-03, 4.6423736306496274e-04,
       6.6566878216845154e+01 ]
